structure(c(7.61667186363164, 9.80337965887555, 5.99121611388763, 
5.57374663465037, 92.3833281363684, 90.1966203411244, 94.0087838861124, 
94.4262533653496), .Dim = c(4L, 2L), .Dimnames = list(c("a", 
"b", "c", "d"), NULL))
